[0.8093245674033007]
[0.590957232157184]
[0.9045496289099065]
[0.4389435045603255]
[0.3886235744303804]
[0.358506560747304]
[0.2325351610103794]
[0.6893308317155827]
[0.10802315239476368]
[0.7369341072733769]
[0.6224637562425205]
[0.6285861747606534]
[0.8321596269174494]
[0.7033164271766693]
[0.44652175726612964]
[0.2247469624606283]
[0.20613440229930835]
[0.08644261154277189]
[0.6620824544650611]
[0.9750357973822891]
[0.768799365025172]
[0.15972637819721192]
[0.11029088598261094]
[0.32166439230854804]
[0.25775464692806505]
[0.1476096009111213]
[0.26882734809582753]
[0.45416651580645107]
[0.014048091906078364]
[0.43747979742823395]
[0.19935875176152473]
[0.9548333112867988]
[0.25491790297579797]
[0.12603818520861088]
[0.8061635159397138]
[0.7213637002867549]
[0.12452068840736319]
[0.8972194625076403]
[0.6796418579712128]
[0.6096313520084364]
[0.855439382443551]
[0.1281778723456034]
[0.7369007351807728]
[0.27950892553653695]
[0.07786663525208015]
[0.5505188614685309]
[0.591327957233881]
[0.7979794023923962]
[0.29871096193014335]
[0.7558689392357282]